1532543873
8590784387
2082936160
4925608267
5969282414
2436784726
1703459639
2792616413
7863952670
6894186419
7496313490
8372483631
9695798531
5098745267
4745723273
7062628250
7583148151
9154967363
9308015607
3231738067
5093782150
7313705727
4516861978
2813013480
8450571865
9620408091
1246042947
7378961017
4658327485
8929309874
1467634503
1054741546
5261934080
8596982747
5893926823
9292951097
2842931721
1703973562
7252121913
1842424356
8712327417
5239379604
8307683629
7947625725
8286537207
5356037262
6914160124
1081675989
4735393420
2501790184
7585394161
7318351359
2172498456
8047465078
2154962317
1208201392
3075732194
9427483862
8197590438
1756790485
8473218178
7631492021
8350584528
5038784034
8623216706
5702539609
3098475803
2758729760
7357381215
8963218615
8490208237
5949521637
7065709535
6796931605
2352053023
9108764839
8421906982
5452701705
8610787018
8580212071
7408129521
7593758427
7983802831
8949695870
7841016219
7135085170
2698053213
2797359289
4647367405
4267101098
5617274759
9469267569
4915283908
9689025051
9863105194
4095929790
8081719058
9838153484
1541848731
3168734191
8081687312
8521084906
8640874784
4142094846
6248286283
9249329186
2849243418
6974615310
3530917834
5172846293
8518186509
2467869609
3054730142
4854743041
5463270895
7156764230
9650921561
8427945302
3745464097
8651327408
1354679561
8587370518
3640813610
8176352023
1380523472
9623105140
1656346926
2874985687
8464701824
4027393589
1404968181
1508182453
5193723542
6947345819
5913190864
9649678136
6867817362
2756590107
8524951041
7902109081
5845024878
3715474736
7586837615
4254142463
9256857962
8935353780
6395969815
3759370437
4808564135
7578937862
5407953062
1842808934
3525926272
6740789549
6423089586
9606270396
6040290787
4921783746
6578539154
1934083036
9291431250
2980492781
4601413464
7023617498
6076357380
3298290285
2750910939
5709467475
2404909121
2457418540
6069643926
9537241242
8340832120
6501962913
7947913287
9484854680
3574138065
3063205396
5140539178
4789046037
8068963614
1498675160
4327418276
8478065105
2185895390
8360979764
2078169857
8439890458
5709409058
5647854287
8245873896
9765342502
9207986296
2643067845
6128914879
2671759560
5429291787
1089246984
8623071529
5025674945
1408460463
5872409693
1302323868
3697989485
7169750453
9858701593
5918982032
3261735324
7461202916
1539328541
9363231934
5201674695
6260534901
4242306493
2613435834
5609193986
5634973238
2890650742
4320785927
8789740209
6528938291
4124830980
3518132504
2715218595
4163938975
4306179690
4142853104
9861762095
9742845952
9709043184
7040961684
5891395604
1565641657
2597509302
3945753742
6849321385
4768253837
9789710425
8615069828
4704817613
3121606810
3158710260
9472986031
2096395193
7385938641
4216391781
7306842956
2323968685
8370372097
8264305245
6359792149
1951461540
7670303434
8181579137
1841843418
7975018501
4340251652
5642878435
1358905981
1282617289
2591203071
4875479469
1347862974
9619712928
1505483048
2352538483
9785972094
8605032560
1490240131
5958464590
6975693603
3948568298
5831746246
9165093237
4847236724
8935357508
9791545249
8458518741
2093765031
6738680125
9457536109
3453905146
9101828432
4869715386
3052497237
7406126581
7502695439
1910817507
9645973680
9768285292
9091087940
6828321436
4297621709
1853838983
5358189038
1429328956
4287013164
2483286736
7071207852
6264056259
6238062172
3634953481
3143568628
1026843634
8261930928
8580654085
7421327680
7803924935
2467423910
2735989413
8506236981
5467185424
9101320207
7657631680
9147971629
1681375949
9409826289
2839715302
5650865906
6468947987
2427230486
6194056860
4503093947
9621609357
3701345419
8797305925
3827209854
9080801049
1745024950
5914687949
1856512128
4146187205
9260795806
9616872048
6578960215
1567350624
6357536346
7139458421
3956289719
1680845095
9681053458
9460932629
3652538072
3692101293
3539494342
5624090545
7019863084
2013267393
9096581212
9787827504
4327363450
4175925056
3935975243
1351070246
9056073741
4853712385
6909420747
1590348283
6938326279
3549725858
6790957087
7415802548
3140783523
5249868652
2312308542
8176023594
1360840412
6810840946
2810420497
4063402187
2713678614
1646172924
8271710124
4789863413
7212853038
1512721301
5316032176
4148347020
4395273490
6189620517
7818082108
1509798073
9590818417
6852642595
9474575843
2373174501
7349013738
7327512913
4063089754
1534391405
5658125034
2307245290
1690395243
6720686839
8325372018
1371384826
9849296023
7596076295
8936864260
8053534863
3630361392
7439247847
4076290714
2936478532
8257932790
3831570586
8592010610
3575869246
1478560287
6374725378
9838613265
8120937981
9643265670
4952581942
2876576528
3248967137
3472398935
8786904290
9808707412
9753298493
7345820825
2545879673
5956764682
6153813153
9812648237
6981768750
7921978610
2435406412
1832434715
9472353956
6705328695
3531804364
7546815369
1861434351
1316598284
1473843250
9461329529
6792613904
9324810954
6704678907
1020163907
2850154983
6357914679
9271570827
2380746283
1561825072
1971747186
8731410843
8397164956
5019856528
8268190214
3502692192
6915719610
3838021476
4301497905
7857814245
7051236782
5738569034
4185309749
6198283861
9287450918
9439069798
7569514354
6047407326
9692513046
9072685027
2074034269
1524537125
8083679606
9146785693
9848427292
9318604875
2948710192
4238921528
7564147495
7804898532
4867029793
4560964932
9021675636
9704745376
8717368319
8701246590
5475706412
7598578070
2672976027
5041430910
3230986702
1357219416
5371924513
9021862895
3293069320
3840958673
9632171605
7628502780
7045280614
7875936986
1481401528
6702169703
5893494827
3202727504
6746429307
4816140129
1208216354
2909819306
2618601618
1619564536
8192043809
7346571087
5085972737
8627496020
4636547620
1374154309
4068091205
4629217878
2969840450
4651984950
6305940762
1586523831
1287131521
4321569694
7832672759
2342013210
8784705643
6429315483
1430930672
7180104608
4706387294
2098982985
9362073702
8424589381
4509161626
7801245742
2490196165
4393084369
6082425742
4563174183
2841641374
1430921202
3927618643
9838049451
9063836187
8146703568
4071272368
8230837943
5949342718
2301394825
9438781051
2084129085
1258393628
3907075146